4041002923 2 0 0 0 0 2 2 0 0 0 0 0 0 0 0 2 0 0 0 0 0 2 2 2 0 0 0 0 0 1 0 0 1 0 0 2 0 0 0 0 0 0 2 0 1 0 0 0 0 0 1 0 0 0 0 0 0 0 2 0 0 0 0 1 0
4041003180 2 0 0 0 0 2 2 0 0 0 0 0 0 0 0 2 0 0 0 0 0 2 2 2 0 0 0 0 0 1 0 0 1 0 0 1 0 0 0 0 0 0 2 0 1 0 0 0 0 0 1 0 0 0 0 0 0 0 2 0 0 0 0 1 0
4041005612 0 0 0 1 0 0 2 0 0 0 0 0 0 2 0 2 0 2 1 0 2 0 0 2 0 0 0 0 0 0 0 0 0 0 0 2 2 1 1 0 2 0 2 0 1 0 0 0 0 0 2 0 1 0 0 1 0 0 0 0 0 0 1 0 0
4041101360 2 0 1 0 2 0 0 1 2 0 0 2 2 0 0 0 2 0 0 0 0 2 0 0 2 0 0 2 0 0 0 0 2 0 2 0 0 0 0 0 0 0 0 0 1 0 0 0 0 0 0 0 0 0 2 0 0 0 2 0 0 0 0 0 0
4043718063 0 2 1 1 1 0 0 1 2 0 0 2 0 0 0 0 2 2 0 2 1 1 0 0 1 2 0 2 0 0 0 0 0 0 0 0 0 1 1 2 0 0 1 0 2 2 0 2 0 0 0 0 0 0 0 0 0 0 2 2 0 0 0 2 0
404384901X 0 0 0 1 0 1 2 0 0 0 1 0 0 0 2 2 2 0 0 1 1 2 1 1 1 0 0 2 1 0 1 0 0 0 0 0 1 1 1 0 2 1 1 0 2 1 1 1 1 1 1 0 0 2 0 1 2 0 2 2 2 2 1 1 2
404387801X 0 0 1 0 0 0 2 0 0 0 2 0 0 1 0 2 0 2 0 0 1 0 1 2 0 0 0 2 0 2 1 0 0 0 0 2 0 2 1 0 0 0 1 1 1 0 2 2 2 0 1 2 1 2 0 1 1 0 0 0 0 0 0 0 0
4043878028 0 0 2 1 0 0 2 0 0 0 1 0 1 1 0 2 0 2 1 2 1 0 1 2 0 0 1 2 0 0 0 0 1 0 0 2 1 1 1 0 2 0 2 0 1 0 2 2 1 1 1 2 2 2 1 1 2 0 0 0 0 0 0 1 1
4043898010 1 0 1 0 1 2 0 2 2 1 1 0 0 0 0 0 1 0 0 0 0 2 2 0 1 0 0 2 2 0 0 1 2 1 2 1 2 0 2 2 0 1 1 0 2 0 0 2 2 1 0 0 1 2 0 0 0 2 2 0 0 1 1 0 0
4043898029 1 0 1 0 2 2 0 2 2 0 1 0 2 0 0 0 1 0 0 0 0 2 2 0 1 0 0 2 2 0 0 2 2 0 0 1 2 0 2 2 2 1 1 0 2 0 0 2 2 1 1 0 1 2 0 0 0 2 2 0 0 1 1 0 0
4043898037 2 0 1 0 0 2 0 2 1 0 1 0 1 0 0 2 0 0 0 0 0 2 2 0 1 0 1 2 2 0 0 1 1 1 2 1 2 1 1 2 2 1 1 0 2 0 0 2 1 1 1 0 1 2 0 0 2 0 2 0 0 2 1 0 2
4043898045 2 0 0 0 0 2 0 2 2 0 1 2 1 0 0 0 0 0 0 0 0 2 2 0 1 0 0 2 1 0 0 1 0 0 0 1 2 1 1 2 0 1 0 0 2 0 0 2 0 0 2 0 1 2 0 0 2 0 2 0 0 1 1 0 0
4043898053 2 2 1 1 0 2 2 2 0 0 2 2 2 1 1 2 0 0 1 0 0 2 2 0 2 0 0 2 0 0 0 1 1 0 2 2 1 1 0 2 2 0 1 1 2 0 0 0 2 1 2 0 2 2 0 0 2 0 2 0 1 2 0 0 2
4043898061 2 2 0 0 0 2 2 2 0 1 2 2 2 1 0 2 0 0 1 0 0 2 2 0 2 0 0 2 0 0 0 1 0 0 2 1 1 0 0 2 1 0 1 1 2 0 0 0 2 1 2 0 1 2 0 0 2 0 2 0 0 1 0 0 2
404389807X 2 2 0 0 0 2 2 2 0 1 2 0 2 1 0 2 0 0 1 0 0 2 2 0 2 0 0 2 0 0 0 1 0 0 2 1 1 0 2 2 2 0 1 1 2 0 0 0 2 1 2 0 1 2 0 0 2 0 2 0 0 1 0 0 1
4043898088 2 2 0 0 0 2 2 2 0 1 2 0 2 1 0 2 0 0 1 0 0 2 2 0 2 0 0 2 0 0 0 1 0 0 2 2 1 0 2 2 0 0 1 1 0 0 0 2 2 1 2 0 1 2 0 0 2 0 2 0 0 1 0 0 1
4043898096 2 0 0 0 0 2 0 2 0 0 2 0 2 1 0 0 0 0 1 0 0 2 2 0 2 0 0 2 2 0 0 1 0 0 2 2 1 0 2 2 0 0 0 1 1 0 0 0 2 0 2 0 1 2 0 0 2 0 0 0 0 1 0 0 1
404389810X 2 0 0 0 0 2 0 2 0 0 2 0 2 1 0 0 0 0 1 0 0 2 2 0 2 0 0 2 2 0 0 1 0 0 2 2 1 0 2 2 0 0 0 0 2 0 0 0 2 0 1 0 1 2 0 0 2 0 0 0 0 0 0 0 2
4044271011 2 0 0 1 0 0 2 0 0 0 1 0 0 0 0 0 0 0 1 0 1 0 2 1 1 0 0 2 0 0 2 2 0 0 2 1 0 0 1 0 2 0 0 0 0 0 1 1 0 0 1 2 0 2 0 0 2 0 0 0 0 0 0 0 1
404427102X 2 0 0 1 0 0 2 0 0 0 1 0 0 0 0 0 0 0 0 0 1 0 2 1 1 0 0 2 0 0 2 2 0 0 1 1 0 0 1 0 1 0 0 0 0 0 2 0 0 0 1 2 0 2 0 0 2 0 0 0 0 0 0 0 0
4047102334 0 0 1 0 0 0 0 0 0 1 0 0 2 0 0 0 0 0 0 0 0 0 0 0 0 0 0 2 0 0 0 0 0 0 0 0 0 0 0 0 0 0 0 0 0 0 0 0 0 0 0 0 0 0 2 0 2 0 0 0 0 0 0 0 0
4047260762 1 0 0 0 2 0 0 0 0 0 0 0 0 0 2 0 0 2 0 0 2 0 0 0 1 0 2 0 0 1 0 0 0 0 0 0 0 2 0 0 0 0 0 2 0 1 2 0 2 0 0 0 0 0 0 0 0 2 0 2 0 0 0 2 0
4047261270 2 0 0 0 0 0 2 0 1 0 0 0 0 1 2 0 2 2 0 0 2 0 0 0 0 0 2 0 0 1 0 1 0 1 0 0 0 2 0 0 0 0 0 2 2 2 2 0 0 0 0 2 0 0 0 0 0 2 2 0 0 0 0 1 0
4047267708 1 0 1 0 0 0 2 0 2 0 0 0 0 0 2 0 1 2 0 0 0 0 0 0 0 0 1 0 0 1 0 1 0 0 0 0 0 2 0 0 0 0 0 2 1 2 2 0 0 0 0 1 0 0 0 0 0 2 2 0 0 0 0 1 0
4047272329 1 0 1 0 0 0 2 0 2 0 0 0 0 0 1 0 2 2 0 0 0 0 0 0 0 2 0 0 0 1 0 0 0 0 0 0 0 1 0 0 0 0 0 1 2 2 2 0 0 0 0 2 0 0 0 0 0 2 2 0 0 0 0 1 0
4047275158 1 0 1 0 2 0 2 0 2 0 0 0 0 0 2 0 2 2 0 0 0 0 0 0 0 0 0 0 0 1 0 0 0 0 0 0 0 1 0 0 0 0 0 1 0 2 2 0 0 0 0 1 0 0 0 0 0 2 2 0 0 0 0 1 0
4047282251 1 0 1 0 2 0 2 0 0 0 0 0 0 0 2 0 0 0 0 0 0 0 0 0 0 2 0 0 0 1 0 0 0 0 0 0 0 1 0 0 0 0 0 2 0 0 2 0 0 0 0 1 0 0 0 0 0 2 2 0 0 0 0 1 0
4048682210 1 0 1 0 1 2 0 2 2 0 1 0 2 0 0 2 2 0 2 0 1 2 2 2 0 0 0 0 2 0 1 2 0 0 2 2 1 0 1 2 0 1 1 1 1 0 0 1 1 2 2 0 1 2 0 0 0 2 0 0 0 1 1 0 0
4048702807 1 0 0 0 1 2 0 2 2 0 2 0 2 0 0 2 2 0 2 0 2 2 2 1 0 0 0 2 2 0 1 2 0 0 2 1 1 0 2 2 0 0 1 0 1 0 1 2 0 1 2 0 1 2 0 0 0 2 0 0 0 1 1 0 0
4048704699 2 2 0 2 2 2 2 1 0 1 1 0 2 1 0 2 2 0 0 0 1 2 2 0 2 2 2 2 0 0 1 0 0 0 2 0 0 0 2 0 0 0 2 1 0 1 1 2 0 1 1 0 2 0 0 0 0 1 0 0 0 1 1 0 2
4048708244 2 2 0 2 2 2 2 1 0 0 0 0 2 2 0 2 2 0 0 0 1 2 1 0 2 0 0 2 0 0 2 0 0 2 2 0 0 0 2 0 0 0 2 1 0 0 0 1 0 1 1 0 2 0 0 0 0 1 0 0 0 1 1 0 2
4048737449 0 0 0 0 1 0 0 0 0 0 1 0 0 1 1 0 2 0 0 2 0 0 0 0 0 0 0 0 0 1 0 2 0 2 2 0 0 0 0 0 0 0 0 0 0 0 0 0 0 1 0 0 0 0 1 0 0 0 0 0 0 0 0 0 0
4048739484 1 0 1 0 0 0 0 0 2 1 1 2 2 1 0 0 2 0 2 0 0 2 0 0 0 0 1 2 0 0 1 2 2 1 2 0 1 1 0 2 1 0 0 0 1 0 0 2 2 0 2 0 1 2 1 0 0 2 0 0 0 2 1 0 0
404874013X 0 0 2 0 0 0 0 0 0 0 1 0 2 0 0 0 2 0 0 0 0 0 0 0 1 0 2 2 0 0 0 2 0 2 1 0 0 0 0 2 0 0 0 1 0 1 1 0 2 0 0 2 0 2 2 1 1 0 0 0 0 0 0 0 2
4048740636 0 0 1 0 0 0 0 0 0 0 1 1 0 1 0 0 2 0 0 0 0 2 0 0 0 0 0 2 0 2 0 0 0 2 1 0 0 0 0 0 1 1 0 0 1 0 2 1 0 0 0 1 0 2 0 0 0 0 0 0 0 0 0 0 0
4048741055 0 0 1 0 1 0 0 0 0 0 1 2 0 1 0 2 2 0 0 1 0 2 0 0 0 0 1 0 0 0 2 0 0 0 0 0 0 0 0 0 2 0 0 0 2 0 1 0 0 0 1 0 0 2 0 1 0 0 2 0 0 2 0 0 0
4048741829 1 2 2 0 1 1 0 2 2 0 2 2 2 1 0 2 2 2 2 0 0 1 0 0 0 0 0 0 2 1 1 1 0 0 2 1 1 1 0 0 0 1 0 0 2 0 2 2 1 1 0 0 1 0 1 0 2 2 0 0 0 2 0 0 0
4048741837 0 2 2 0 0 0 0 0 0 0 1 2 0 1 0 2 2 0 2 0 1 2 0 0 0 2 1 0 0 0 0 0 2 2 0 0 0 1 0 0 1 0 0 0 0 1 0 0 0 0 0 1 0 0 1 0 2 0 2 0 0 1 0 2 2
4048860976 0 0 0 2 2 0 2 0 0 0 0 0 0 0 2 0 0 0 0 0 0 0 0 0 0 0 0 0 0 0 0 2 0 0 0 1 0 1 0 0 0 0 0 2 0 2 2 0 0 1 0 1 0 0 0 0 2 2 0 2 0 0 0 0 0
4048866583 2 2 0 2 2 2 2 0 0 1 0 0 2 2 0 2 1 0 0 0 1 2 2 0 2 0 0 2 0 0 0 0 0 2 2 0 0 0 2 0 0 0 2 2 0 0 0 1 0 0 1 0 0 0 0 0 0 1 0 0 0 0 1 0 1
4048913522 0 0 0 2 2 0 0 0 0 0 0 0 0 0 2 0 0 0 0 0 0 0 0 0 0 1 0 0 0 0 0 0 0 0 0 1 0 1 0 0 0 0 0 1 0 0 2 0 0 0 0 2 0 0 0 0 2 2 0 2 0 0 0 0 0
4048914278 2 2 0 2 2 2 0 0 0 1 0 0 2 2 0 2 2 0 0 0 0 2 1 0 1 0 0 2 0 0 0 0 0 1 2 0 0 0 2 0 0 0 1 1 0 0 0 2 0 0 0 0 0 0 0 0 0 0 0 0 0 0 1 0 1
4061385011 2 0 1 0 0 0 0 0 0 0 0 0 1 0 0 0 0 0 0 0 0 0 1 0 0 0 0 0 1 0 0 0 0 0 0 0 1 0 0 0 0 0 0 0 0 1 2 0 0 0 0 0 0 0 2 0 2 0 0 0 0 0 0 0 0
4061498916 2 0 0 0 0 0 0 0 2 1 0 0 1 0 0 0 1 2 0 0 0 0 1 0 1 0 0 0 0 0 0 1 0 0 0 0 1 0 0 0 0 0 0 0 0 0 0 0 0 0 0 0 0 0 2 0 0 0 0 0 0 0 0 0 1
4061844407 0 1 0 2 0 1 0 1 2 0 0 2 0 1 0 2 0 2 0 1 0 0 0 0 1 0 0 0 1 0 0 0 1 2 2 0 0 0 1 2 0 0 0 0 0 1 0 0 0 0 1 0 0 1 0 1 0 0 1 1 0 0 0 0 0
4061851306 0 2 1 1 0 1 0 1 2 0 0 2 0 0 0 2 0 2 0 1 0 0 0 0 1 0 0 1 0 0 1 0 1 2 2 0 0 1 1 0 0 0 0 0 0 1 0 0 0 0 0 0 0 0 0 0 0 0 2 0 0 0 1 0 0
4062144492 0 0 0 0 0 0 0 0 0 1 0 0 0 0 0 0 0 0 0 0 0 0 0 0 0 0 2 0 0 0 0 0 2 0 0 0 0 0 0 0 0 0 0 0 0 0 0 0 0 0 0 1 0 0 1 1 0 0 0 0 0 0 0 0 0
4062157713 2 2 1 0 2 1 0 2 2 0 0 2 0 0 0 0 2 0 0 1 0 2 0 0 1 0 0 0 0 0 1 0 2 2 2 0 0 0 0 0 0 0 0 0 0 0 0 2 0 0 0 1 0 0 0 0 0 0 2 0 0 0 0 0 0
4062168065 2 2 1 0 2 0 0 1 2 0 0 2 0 0 0 0 2 0 0 1 0 2 0 0 2 0 0 0 0 1 0 0 2 2 2 0 0 1 0 2 0 0 0 0 1 0 0 2 0 0 0 1 1 0 0 0 0 0 0 0 0 0 0 0 0
4062170663 1 0 2 0 0 0 2 0 0 0 0 0 1 0 0 0 0 0 0 0 0 0 0 0 0 0 1 0 2 0 0 0 0 0 0 0 1 0 0 0 0 0 0 0 0 0 0 0 0 0 0 1 0 0 2 0 0 0 0 0 0 0 0 2 0
4062171260 2 2 1 0 0 0 0 0 0 1 0 0 2 0 0 0 0 0 1 0 0 0 2 0 0 0 1 0 0 0 0 0 0 0 0 0 0 0 0 0 0 0 0 0 0 0 0 0 0 0 0 0 0 0 2 0 2 0 0 0 0 0 0 0 0
4062171279 1 2 0 0 0 0 0 0 0 1 0 0 2 0 0 0 0 0 0 0 0 0 1 0 0 0 1 0 0 0 0 0 0 0 0 0 0 0 0 0 0 0 0 0 0 0 0 0 0 0 0 0 0 0 2 0 2 0 0 0 0 0 0 0 0
4062173980 0 0 0 0 0 0 2 0 0 1 0 0 0 0 0 0 0 0 0 0 0 0 0 0 0 0 1 0 0 0 0 0 0 0 0 0 0 0 0 0 0 0 0 0 0 0 0 0 0 0 0 0 0 0 0 1 0 0 0 0 0 0 0 0 0
4062175649 2 0 1 0 2 0 0 0 0 1 0 0 2 0 0 2 0 0 0 0 0 2 0 0 0 2 0 0 2 0 0 0 2 0 0 0 0 0 0 0 0 0 0 0 0 0 0 1 0 0 0 0 1 0 0 1 2 0 0 0 0 0 0 1 2
4062175657 2 0 1 0 2 0 0 0 0 1 0 0 2 0 0 2 0 0 0 0 0 2 0 0 0 2 0 0 2 0 0 0 0 0 0 0 0 0 0 0 0 0 0 0 0 0 0 0 0 0 0 0 1 0 0 1 2 0 0 0 0 0 0 2 2
4062637251 0 0 0 0 0 0 0 0 2 0 0 2 0 1 0 0 0 0 1 1 0 0 0 1 1 2 2 2 0 0 0 0 2 2 0 0 0 0 0 2 0 0 1 0 1 0 0 1 0 0 1 0 1 0 0 0 0 0 0 0 0 0 0 0 0
4062639246 0 0 1 2 0 0 0 0 0 0 0 0 0 0 0 0 0 0 0 0 0 0 2 2 1 0 1 0 0 1 0 0 0 0 0 2 0 1 1 2 0 0 0 0 0 1 0 0 1 1 2 0 0 1 0 0 0 0 0 0 0 0 1 0 0
4062645750 0 1 1 0 0 1 0 2 2 0 0 2 0 1 0 2 0 2 0 1 0 0 0 0 1 0 0 0 0 0 0 0 0 1 2 0 0 0 1 0 0 0 0 0 0 1 0 1 0 0 1 0 0 0 0 1 0 0 2 0 0 0 1 0 0
4062730170 0 1 1 0 0 1 0 1 2 0 0 2 0 1 0 2 0 2 0 0 0 0 0 0 1 0 0 2 0 0 0 0 2 2 2 0 0 1 1 1 0 1 0 0 0 1 0 2 0 0 0 0 0 0 0 1 0 0 2 0 0 0 1 0 0
4062733854 0 1 1 0 0 1 0 2 2 0 0 2 0 1 0 2 0 2 0 1 0 2 0 0 1 0 0 0 1 0 1 0 2 2 2 0 0 0 1 0 0 1 0 0 1 1 0 2 0 0 0 0 0 0 0 1 0 0 2 0 0 0 0 0 0
4062748681 0 0 0 0 0 0 2 0 0 2 1 0 0 0 0 2 0 0 1 2 0 0 0 0 0 0 0 0 1 0 1 0 0 1 0 0 0 1 0 2 2 1 0 0 0 0 0 1 1 1 1 0 1 0 0 1 2 0 2 2 2 0 0 0 2
406274869X 0 0 0 0 0 0 2 0 0 1 1 0 0 0 0 2 0 0 1 2 0 0 0 0 0 0 0 0 2 0 1 0 0 1 0 0 0 0 0 2 1 1 0 0 0 0 0 1 0 1 1 0 1 0 0 1 2 0 2 2 2 0 0 0 2
4062748703 0 0 0 0 0 0 2 0 0 0 1 0 0 0 0 0 0 0 0 2 0 0 0 0 0 1 0 0 0 0 0 0 0 0 0 0 0 0 0 2 0 0 0 0 0 0 0 0 0 0 0 0 0 0 0 0 0 0 0 2 2 2 0 0 1
406274998X 0 0 1 0 0 0 0 1 0 0 0 0 0 0 0 2 0 0 0 0 0 0 0 1 0 0 0 2 0 0 2 0 2 2 1 0 0 1 1 0 0 1 1 0 2 0 0 1 1 0 2 0 0 0 2 2 2 0 2 0 1 0 0 2 2
4062757249 0 0 2 0 0 2 2 0 0 0 1 0 0 1 0 2 2 1 0 2 0 2 2 2 0 0 0 2 1 0 1 0 0 1 0 0 1 1 1 1 2 1 1 0 2 1 0 2 2 0 2 0 0 2 0 1 0 0 2 1 2 2 0 1 1
4062761424 1 0 0 0 0 1 0 0 0 0 0 0 0 1 0 1 1 0 2 1 1 0 0 1 0 0 2 2 1 0 0 0 0 1 0 1 1 0 1 0 1 1 1 0 2 1 0 2 1 1 1 0 1 1 0 1 1 0 1 2 2 2 0 0 1
4062762005 2 0 1 0 1 0 2 0 0 0 0 0 0 0 0 0 0 0 0 0 2 0 0 1 1 0 0 2 0 0 2 0 0 0 1 1 2 0 2 1 0 0 0 0 2 0 0 2 1 1 1 0 0 0 0 0 2 0 2 0 0 0 0 0 0
406276413X 2 2 2 1 2 2 0 0 0 1 0 0 2 1 0 2 0 2 0 0 0 2 0 0 0 2 0 2 2 0 2 0 2 2 0 0 0 2 1 0 1 1 2 0 1 0 1 2 2 1 2 2 0 2 1 0 0 0 2 2 2 0 1 1 2
406276444X 1 2 1 0 1 1 0 1 2 0 0 2 0 1 0 0 0 2 0 1 0 2 0 0 0 2 0 0 0 0 0 0 0 0 2 0 0 1 1 2 2 1 0 0 1 1 0 0 0 0 0 0 0 2 0 1 0 0 2 0 0 0 0 0 0
4062770784 0 0 1 0 0 2 0 0 0 0 0 0 0 0 0 0 0 0 1 0 2 0 0 2 0 0 0 1 0 1 2 0 0 0 0 0 1 0 2 0 0 0 2 0 2 1 0 2 0 0 1 0 0 0 0 1 1 0 1 0 1 0 1 0 0
4062770792 0 0 1 0 0 2 0 0 0 0 0 0 0 0 0 0 0 0 2 0 1 0 0 2 0 0 0 1 0 1 2 0 0 0 0 0 1 0 2 0 0 0 0 0 2 1 0 2 0 1 1 0 0 0 0 1 1 0 1 0 1 0 1 0 0
4063726622 1 0 0 0 0 0 0 0 0 0 0 0 0 1 2 0 0 2 1 0 1 0 0 0 1 2 1 0 0 1 0 2 0 0 0 1 1 0 0 0 0 0 0 2 2 0 1 1 2 0 0 1 0 0 0 0 0 2 0 0 0 0 1 1 0
4063726746 0 0 0 2 0 0 2 2 0 0 0 0 0 0 2 0 0 2 0 0 0 0 0 2 0 0 2 0 0 0 0 0 0 1 0 2 0 1 0 0 0 0 0 0 0 1 0 0 2 0 0 2 0 0 0 0 0 0 2 0 0 0 0 0 1
4063727203 0 0 0 0 0 0 0 0 0 0 0 0 0 1 1 0 0 2 0 0 0 0 0 0 1 2 1 0 0 1 0 2 0 0 0 1 0 0 0 0 0 0 0 2 1 0 2 0 0 0 0 1 0 0 0 0 0 1 0 0 0 0 1 1 0
406372784X 0 0 0 0 0 0 0 0 0 0 0 0 0 1 1 0 0 2 0 0 0 0 0 0 1 2 2 0 0 1 0 2 0 0 0 1 0 0 0 0 0 0 0 2 1 0 2 0 0 0 0 1 0 0 0 0 0 1 0 0 0 0 1 1 0
4063728420 0 0 0 0 0 0 0 0 0 0 0 0 0 1 0 0 0 2 0 0 2 0 0 0 1 2 1 0 0 1 0 2 0 0 0 1 0 0 0 0 0 0 0 2 2 0 2 0 0 0 0 1 0 0 0 0 0 1 0 0 0 0 1 1 0
4063729060 0 0 0 0 0 0 0 0 0 1 0 0 0 1 2 0 0 2 0 0 0 0 0 0 1 0 1 0 0 1 0 2 0 0 0 1 0 0 0 0 0 0 0 2 2 0 1 0 0 0 0 1 0 0 0 0 0 1 0 0 0 0 1 1 0
4063729621 0 0 0 0 0 0 0 0 0 0 0 0 0 1 1 0 0 2 0 0 0 0 0 0 2 0 2 0 0 0 0 1 0 0 0 1 0 0 0 0 0 0 0 2 1 0 1 0 0 0 0 1 0 0 0 0 0 2 0 0 0 0 1 1 0
4063842762 0 0 1 2 0 0 2 0 0 0 0 0 2 0 2 0 0 0 0 0 2 0 0 0 0 0 2 0 0 0 0 1 0 1 0 2 0 1 0 0 0 0 0 1 0 0 0 1 0 0 0 1 0 0 0 0 0 0 2 2 0 0 0 1 0
406387026X 0 0 0 0 2 0 0 0 0 0 0 0 0 0 1 0 0 2 0 0 2 0 0 0 2 0 1 0 0 1 0 0 0 0 0 0 0 0 0 0 0 0 0 0 1 0 1 0 0 0 0 1 0 0 0 0 0 2 0 0 0 0 1 1 0
4087464431 1 0 1 1 0 2 2 0 0 0 1 0 0 1 0 2 0 2 0 1 1 0 1 1 1 2 0 2 2 0 1 0 0 0 0 1 1 1 2 0 2 1 1 0 1 1 0 1 1 1 1 0 0 1 0 1 0 0 1 2 2 2 0 2 1
4087468178 1 0 0 0 0 0 0 0 0 0 0 0 0 0 0 2 0 0 0 0 0 0 0 1 0 0 0 2 0 0 0 0 0 0 0 0 2 1 0 0 0 0 2 0 0 0 2 0 0 0 1 0 0 0 0 1 0 0 0 0 1 0 0 0 1
4087471985 0 0 0 0 0 0 0 0 0 0 0 0 0 1 0 0 0 0 0 0 0 0 0 1 0 2 0 0 0 0 0 0 0 0 0 1 0 0 1 0 0 0 2 0 1 1 0 0 0 0 0 0 0 1 0 0 0 0 0 0 0 0 0 0 0
4087474399 0 0 1 0 0 0 0 0 2 1 1 2 0 0 0 2 0 2 0 2 1 2 0 1 1 2 0 2 0 0 0 0 2 2 2 0 0 2 2 2 0 1 1 0 2 1 0 2 0 0 1 0 1 1 0 0 0 0 2 0 1 0 0 1 0
4091231802 2 0 0 1 0 2 2 0 0 1 0 2 2 0 2 0 0 2 0 0 1 0 0 0 0 0 2 0 0 1 0 2 0 0 2 0 0 2 0 0 0 0 0 1 0 0 1 1 0 1 0 0 0 0 0 0 0 2 2 0 0 0 1 0 1
4091234275 2 0 0 1 2 2 2 0 0 1 0 2 0 0 2 0 0 2 0 0 1 0 0 0 0 0 2 0 0 1 0 2 0 0 2 0 0 2 0 0 0 0 0 1 0 0 1 0 0 1 0 1 0 0 0 0 0 2 2 0 0 0 1 0 1
4091236537 2 0 0 1 1 0 2 0 0 1 0 2 0 0 2 0 0 0 0 0 2 0 0 0 0 2 1 0 0 1 0 2 0 0 2 0 0 1 0 0 0 0 0 1 0 0 1 0 0 1 0 1 0 0 0 0 0 2 2 0 0 0 1 0 1
409123772X 2 0 0 2 2 0 2 0 0 1 0 2 0 0 2 0 0 2 0 0 2 0 0 0 0 2 2 0 0 1 0 2 0 0 2 0 0 2 0 0 0 0 0 1 0 0 1 0 0 1 0 1 0 0 0 0 0 2 2 0 0 0 1 0 1
4091238866 2 0 0 2 1 0 0 0 0 2 0 2 0 0 2 0 2 2 0 0 1 0 0 0 0 2 2 0 0 1 0 2 0 0 2 0 0 2 0 0 0 0 0 2 0 0 1 0 0 1 0 1 0 0 0 0 0 2 2 0 0 0 1 0 1
4091241697 2 0 0 2 1 0 2 0 0 2 0 2 0 0 2 0 0 2 0 0 1 0 0 0 0 2 0 0 0 1 0 2 0 0 2 0 0 2 0 0 0 0 0 1 0 0 2 0 0 0 0 1 0 0 0 0 0 2 2 0 0 0 1 0 1
4091242855 2 0 0 0 1 0 2 0 0 0 0 2 0 0 2 0 0 2 0 0 2 0 0 0 0 2 0 0 0 1 0 2 0 0 2 0 0 2 0 0 0 0 0 1 0 0 2 0 0 0 0 1 0 0 0 0 0 2 2 0 0 0 0 0 0
4091345859 2 0 1 0 1 0 2 0 0 0 0 0 0 0 2 0 0 2 2 0 2 0 0 0 0 0 0 0 0 1 0 2 0 0 2 0 0 2 0 0 0 0 0 1 1 0 0 0 0 0 0 0 0 0 0 0 0 2 0 2 0 0 0 1 0
4093862591 0 0 0 0 1 0 0 0 0 0 1 2 0 0 0 0 2 0 1 0 0 2 0 0 1 2 0 0 0 0 1 1 2 2 2 0 2 1 0 0 2 1 0 1 0 0 0 0 0 0 0 0 0 2 2 0 0 1 0 0 0 1 0 0 0
409386280X 0 2 1 0 2 0 2 2 0 0 1 0 1 0 0 0 2 0 1 0 1 0 0 0 1 0 0 2 0 0 1 1 2 1 1 0 0 0 1 0 0 0 0 1 0 1 0 1 0 0 1 1 2 0 0 0 0 1 0 0 0 1 1 0 0
4093862923 1 2 2 0 2 1 0 0 0 1 2 2 0 0 0 2 0 2 0 0 2 1 0 0 0 0 1 0 0 0 2 0 2 2 0 0 0 1 0 0 0 1 0 0 0 0 1 2 1 0 0 0 0 0 2 0 0 2 2 1 0 0 0 0 2
4094085513 0 2 0 0 0 2 2 1 0 2 0 0 0 0 2 2 0 2 0 0 0 2 2 0 0 0 0 2 0 0 0 0 0 2 0 0 0 1 0 0 0 1 2 1 0 0 0 0 0 0 1 0 0 2 0 1 1 0 0 0 0 0 0 2 2
4094085521 0 2 0 0 0 2 2 2 0 2 0 0 0 0 2 2 0 2 0 0 0 2 2 0 0 0 0 2 0 0 0 0 0 2 0 0 0 1 0 0 0 1 2 1 0 0 0 0 0 0 1 0 0 2 0 1 2 0 0 0 0 0 0 1 2
4101001340 0 0 0 0 0 0 0 0 0 0 1 0 0 0 0 0 0 0 0 2 0 0 0 0 0 2 0 2 0 0 0 0 0 0 0 0 0 0 0 0 2 0 1 0 0 0 0 0 0 0 0 0 1 2 0 1 0 0 0 2 2 2 0 0 1
4101001413 0 0 0 0 0 0 0 0 0 1 1 0 0 0 0 2 0 0 0 2 0 0 0 0 0 0 0 0 0 1 0 0 0 0 0 0 0 0 0 0 2 1 0 0 0 0 0 0 0 0 1 0 0 0 0 1 0 0 0 1 2 2 0 0 2
4101001421 0 0 0 0 0 0 0 0 0 1 1 0 0 0 0 2 0 0 0 2 0 0 0 0 0 0 0 0 0 1 0 0 0 0 0 0 0 0 0 0 2 1 0 0 0 0 0 0 0 0 1 0 0 0 0 1 0 0 0 2 2 2 0 0 0
4101001545 0 0 0 0 0 0 0 0 2 1 1 0 0 0 0 0 0 0 0 2 1 0 0 2 0 0 0 2 0 1 0 0 0 0 0 0 0 0 0 2 1 1 1 0 0 0 0 0 2 0 0 0 0 1 0 1 1 0 2 0 2 2 1 0 2
4101001553 0 0 0 0 0 0 0 0 2 1 1 0 0 0 0 0 0 0 0 2 1 0 0 2 0 0 0 0 0 1 0 0 0 0 0 0 0 0 0 2 1 1 1 0 0 0 0 0 0 0 0 0 0 1 0 1 2 0 2 0 2 2 1 0 2
4101001596 1 0 0 1 0 0 2 0 0 0 0 0 0 0 0 2 0 0 0 0 0 2 2 0 0 2 0 0 0 0 0 0 0 0 0 0 0 0 0 0 0 0 0 0 0 0 0 0 0 0 1 0 0 0 0 0 0 0 0 0 0 0 0 0 0
4101006059 0 0 0 0 0 0 2 0 2 0 1 0 0 1 0 0 0 0 0 0 0 0 0 0 0 1 0 0 0 1 0 0 0 0 0 0 1 0 1 0 0 1 0 0 2 0 0 0 2 0 1 0 0 1 0 0 0 0 0 0 0 0 0 0 1
4101050082 0 0 0 0 0 0 0 0 2 1 0 0 0 0 0 0 0 0 0 0 0 0 0 0 0 0 0 0 0 0 0 0 0 0 0 0 0 1 0 0 0 0 0 0 1 0 0 0 1 0 1 0 0 0 0 0 0 0 0 2 0 0 0 0 2
4101215235 2 0 0 0 1 0 0 0 0 1 0 0 0 1 0 0 1 2 0 2 1 2 2 1 0 0 0 2 0 1 1 0 2 0 0 0 1 0 0 0 0 0 2 0 0 1 0 0 0 0 0 0 0 2 0 0 0 0 0 2 1 2 0 0 0
4101234175 2 0 0 1 0 0 0 0 0 0 1 0 0 1 0 2 0 2 0 0 0 0 0 2 0 1 0 0 0 0 0 0 0 0 0 2 0 1 1 0 2 1 1 0 2 2 0 0 2 0 0 0 0 0 1 0 0 0 0 2 1 0 1 1 0
4101250219 0 0 0 0 0 2 0 0 0 0 1 1 0 1 0 2 2 0 0 2 0 2 2 2 1 2 2 2 1 0 1 1 2 1 0 1 1 1 2 0 2 1 1 0 2 2 0 1 1 1 1 0 0 1 0 1 0 0 2 2 2 2 0 1 2
4101250227 0 0 0 0 1 2 0 0 0 0 1 0 0 1 0 1 1 1 0 2 2 2 2 2 1 2 0 2 2 0 1 0 0 1 0 1 1 1 2 0 2 1 1 0 2 2 0 2 2 1 1 0 0 2 0 1 0 0 2 2 2 2 1 1 1
4101250235 0 0 0 1 0 1 0 0 0 0 1 0 0 1 2 2 1 1 1 2 1 2 2 2 1 2 0 2 0 0 1 0 0 0 0 0 1 2 2 2 0 1 1 1 2 2 2 2 1 1 1 0 2 2 1 1 0 0 1 0 2 2 0 1 0
4101250243 0 0 2 0 0 2 2 0 0 0 0 0 0 1 0 1 0 0 0 0 0 0 0 2 0 0 0 2 0 0 1 0 0 1 0 0 1 1 1 0 0 0 1 0 2 1 0 2 1 1 1 0 0 1 0 1 0 0 2 0 2 1 0 0 1
4101250251 0 0 1 1 0 2 2 0 0 0 0 0 0 1 0 2 1 0 0 1 0 0 0 2 0 0 0 2 2 0 2 0 0 0 0 0 1 1 2 2 0 1 1 0 2 1 0 2 0 1 0 0 1 0 0 1 0 0 2 1 0 0 1 0 2
410125026X 0 2 0 1 0 2 0 0 0 0 0 2 0 0 0 2 0 2 0 1 0 0 0 0 1 0 0 0 2 0 0 0 0 0 0 2 2 0 2 0 0 0 2 0 2 0 0 2 0 1 0 0 0 0 0 1 0 0 2 0 0 2 0 0 2
4101253323 2 0 0 0 2 2 0 0 2 1 0 0 0 0 1 2 1 0 0 1 1 2 0 0 0 2 0 2 0 0 0 0 0 0 2 0 0 0 1 0 0 0 0 0 2 0 0 1 0 0 0 0 0 1 1 1 0 0 0 2 0 2 0 0 0
4101276315 2 0 0 2 2 2 0 0 2 0 1 2 2 1 0 2 0 0 1 0 0 2 1 0 0 0 0 2 2 0 1 2 0 0 2 1 2 0 1 1 0 1 1 1 2 0 0 1 2 0 2 0 2 2 0 0 0 1 2 1 1 2 0 0 2
4101290512 0 0 1 0 0 0 2 0 0 0 1 0 0 1 0 0 0 2 0 0 1 0 2 2 0 0 0 2 0 1 0 0 0 0 1 1 1 0 1 0 2 0 2 0 2 0 2 2 0 0 0 0 1 1 0 1 0 0 0 0 0 0 0 0 0
4101353611 1 0 0 2 1 0 1 1 0 0 0 0 0 0 0 1 0 0 0 0 0 0 0 2 0 0 1 2 0 0 1 0 0 2 1 0 0 1 0 0 0 0 0 1 0 0 0 1 0 0 0 0 0 0 0 0 2 0 0 0 0 0 0 0 2
4101355517 0 0 0 0 1 0 0 0 0 0 0 0 0 1 0 2 0 0 1 0 1 1 0 0 1 2 0 0 0 0 0 1 1 1 0 0 0 0 1 2 0 0 0 0 0 0 0 0 0 0 0 1 0 1 0 0 0 1 0 0 0 0 0 1 1
4101369127 0 0 0 0 0 0 0 0 0 0 0 2 0 0 0 2 0 1 0 0 0 2 0 0 1 1 0 0 0 0 1 0 2 0 1 0 0 1 1 0 0 0 1 0 2 1 0 2 1 0 1 0 1 1 0 0 0 0 0 0 1 2 0 0 0
4101369186 0 2 1 0 1 1 0 2 2 0 0 2 1 0 0 0 0 1 0 1 0 2 0 2 1 1 0 2 0 0 0 0 2 0 2 0 0 1 1 2 0 1 1 0 2 0 2 2 0 0 1 0 0 1 0 0 0 0 0 1 0 2 0 1 1
4103018720 0 0 0 0 0 0 0 0 2 1 1 0 0 0 0 0 2 0 2 0 1 2 0 0 0 0 0 2 2 0 1 2 0 2 2 0 0 1 0 1 0 1 0 0 0 0 0 2 0 1 0 0 0 0 0 0 0 2 0 0 0 1 1 0 0
4103534222 0 2 0 0 0 0 0 0 0 0 1 2 1 0 2 0 0 0 0 2 2 0 0 0 0 2 2 2 2 1 0 0 2 1 0 0 0 0 1 2 0 1 2 0 1 0 0 1 0 0 0 1 1 0 1 1 2 0 0 2 2 2 0 0 0
4103534230 0 2 0 0 0 0 0 0 0 0 1 2 1 0 2 0 0 0 0 2 1 0 0 0 0 2 2 0 2 1 0 0 2 1 0 0 0 0 1 2 0 1 2 0 0 0 0 1 0 0 0 1 2 0 1 1 2 0 0 1 2 2 0 0 0
4103534257 0 2 0 0 0 0 0 0 0 1 1 2 0 0 1 0 0 0 0 2 2 0 0 0 0 1 2 2 0 1 0 0 2 1 0 0 0 0 0 2 0 1 2 0 0 0 0 1 0 0 0 1 2 0 1 1 2 0 0 1 2 2 0 0 2
4104596019 0 0 2 0 0 0 0 0 0 0 0 0 0 1 0 0 0 0 0 2 0 0 0 0 1 0 0 0 1 1 0 1 2 0 0 1 0 0 0 0 2 0 1 0 0 0 0 2 0 1 0 0 0 0 1 1 0 0 0 1 0 0 0 1 2
4104596035 0 0 0 0 2 0 0 0 0 0 1 0 0 0 2 0 1 0 0 1 1 2 0 2 0 2 1 2 0 0 1 1 2 1 0 0 0 1 0 0 2 1 1 0 0 1 0 0 1 0 1 1 0 2 0 0 0 0 0 0 0 0 0 2 0
4106100037 0 0 0 0 0 0 0 0 0 1 0 0 0 0 0 0 1 2 1 0 0 0 0 0 0 0 0 2 0 0 0 0 0 0 0 0 1 0 0 0 0 0 0 0 0 0 0 0 0 0 0 0 0 0 0 0 0 0 0 0 0 0 0 1 1
4106103362 0 0 1 0 0 0 0 0 2 0 0 0 1 0 0 0 0 0 0 0 0 0 1 0 0 0 0 2 0 0 0 0 0 0 0 0 1 0 0 0 0 0 0 0 0 0 0 0 0 0 0 0 0 0 1 0 1 0 0 0 0 0 0 0 0
4122054257 1 2 0 0 0 0 0 1 0 0 0 0 0 0 0 0 0 0 2 2 2 0 0 0 0 1 0 1 0 0 0 0 0 0 0 1 0 1 2 2 0 0 0 0 2 0 1 0 0 0 0 0 1 2 0 0 0 0 0 0 0 1 0 1 2
4140814047 1 2 1 0 0 0 2 0 2 1 0 0 1 0 0 0 0 2 0 0 0 0 0 0 0 0 2 0 0 1 0 0 2 2 0 0 1 0 0 0 0 0 0 0 0 0 2 0 0 0 0 1 0 0 2 0 0 0 0 0 2 0 0 0 0
4140815760 1 0 0 0 0 0 0 0 0 1 0 0 0 0 0 0 0 0 0 0 0 0 0 0 0 0 1 0 0 0 0 0 0 0 0 0 0 0 0 0 0 0 0 0 0 0 0 0 0 0 0 1 0 0 0 0 2 0 0 0 0 0 0 0 0
4150309841 1 0 2 0 0 0 0 0 0 0 2 0 0 0 0 0 0 2 0 0 0 0 2 0 0 0 1 0 0 0 0 0 0 0 0 2 2 0 2 0 0 0 0 1 0 0 2 0 0 0 0 1 0 0 1 1 2 0 0 0 0 0 0 0 0
415031019X 1 0 1 0 0 0 0 0 0 0 2 0 0 1 0 0 0 0 0 0 0 0 2 0 0 0 1 0 0 0 0 0 0 0 0 1 1 0 1 0 0 0 0 1 2 0 0 0 0 0 0 0 0 0 0 1 0 0 0 0 0 0 0 0 0
4152091312 0 0 1 0 0 0 2 0 0 1 0 0 2 0 0 0 0 2 0 0 1 0 1 0 0 0 1 0 1 0 0 1 0 0 0 0 0 1 0 0 1 0 0 0 2 0 0 0 0 0 0 0 0 0 2 0 2 0 0 0 2 0 0 0 2
416380580X 0 2 1 0 2 0 0 2 2 0 0 2 0 0 0 0 1 0 0 1 0 2 0 0 2 0 0 0 0 0 1 0 2 2 2 0 0 1 0 0 0 0 0 0 0 0 0 2 0 0 0 0 0 0 0 0 2 0 1 0 0 0 0 0 0
4163817700 0 0 0 0 2 0 0 0 2 1 0 2 2 0 0 2 0 0 2 0 0 2 0 0 0 0 0 2 0 0 2 2 0 0 2 0 0 0 0 0 0 0 0 0 0 0 1 0 0 2 0 0 1 2 0 0 0 1 0 0 0 0 1 0 0
4163821104 0 2 0 0 1 0 2 0 0 2 2 2 1 0 1 0 0 0 0 2 0 0 0 0 2 0 0 0 0 1 0 0 0 0 0 0 0 0 0 0 0 0 0 0 0 0 0 0 0 0 0 0 0 0 1 1 0 0 0 0 1 0 0 0 2
416660841X 2 2 0 0 1 0 0 0 0 0 0 0 1 0 0 0 0 0 0 0 0 0 2 0 0 0 0 0 0 0 0 0 0 0 0 0 0 0 0 0 0 0 0 0 0 0 1 1 0 0 0 0 1 0 0 0 0 0 0 0 0 0 0 0 0
4167110067 2 0 2 0 1 0 0 0 2 0 0 2 0 1 0 0 0 2 0 0 1 2 0 1 1 1 0 2 0 0 0 0 2 0 0 0 0 0 1 2 0 0 1 0 2 0 0 0 1 0 0 0 1 2 0 0 0 0 0 1 0 0 0 0 0
4167110075 2 1 0 2 0 2 1 0 2 0 0 2 0 1 1 2 1 2 0 1 1 2 0 0 1 0 0 2 2 0 1 0 1 0 2 0 0 1 1 0 2 0 1 0 1 1 0 2 1 0 2 0 2 2 0 1 0 0 2 0 0 0 0 0 0
4167110083 2 1 0 2 1 2 0 0 2 0 0 2 0 1 1 2 0 2 0 0 1 2 0 0 0 0 0 2 0 0 1 0 1 1 2 0 0 1 1 2 2 1 1 0 1 1 0 1 0 0 2 0 0 2 0 1 0 0 2 0 0 0 0 0 0
4167110113 2 2 2 0 0 0 0 0 2 0 1 2 0 1 0 0 0 2 0 0 1 2 0 1 1 0 0 2 2 0 0 0 0 2 0 0 0 0 1 2 0 1 0 0 2 1 0 0 1 0 1 0 1 1 0 0 0 0 1 0 0 1 1 1 0
4167110121 2 2 1 2 2 2 2 0 2 2 0 0 0 1 0 2 0 2 0 2 1 2 0 2 0 2 2 0 2 0 0 0 0 0 2 0 0 1 0 2 2 1 1 0 2 2 0 0 1 0 1 0 0 2 0 1 0 0 2 0 1 0 0 0 0
416771101X 0 0 0 0 0 0 0 0 0 0 0 0 0 0 0 2 0 0 0 1 0 2 0 1 1 0 0 2 1 0 0 0 2 1 0 0 0 1 2 0 1 0 0 0 1 2 0 0 0 0 0 0 0 0 0 0 0 0 2 0 2 2 0 0 0
4167728028 1 2 1 0 0 0 0 0 0 0 0 0 2 0 0 0 0 0 0 0 1 2 0 2 0 0 0 0 2 1 0 0 2 2 0 0 1 1 2 0 0 0 0 0 0 0 0 0 0 0 2 0 0 0 0 0 2 0 0 2 0 0 0 0 0
4167728044 1 2 0 0 0 0 0 0 0 0 0 0 2 0 0 0 0 0 0 0 2 2 0 2 0 0 0 0 2 1 0 0 2 2 0 0 1 0 2 0 0 0 0 0 0 0 0 0 0 0 0 0 0 0 0 0 2 0 0 2 0 0 0 0 0
4167732017 1 0 0 1 0 0 2 0 0 0 1 1 0 1 0 0 0 0 0 0 0 0 0 1 0 0 0 1 0 0 0 0 0 0 1 0 0 1 1 2 0 0 0 0 2 0 0 1 0 0 1 0 0 1 0 0 0 0 0 0 0 0 1 0 1
4167745011 2 0 1 0 1 2 0 0 0 0 1 0 0 1 0 2 1 2 0 1 0 2 1 2 0 0 0 2 0 1 1 1 0 1 0 1 0 1 2 2 2 1 1 0 1 1 0 2 2 1 1 0 0 2 0 1 0 0 2 1 2 2 0 1 0
4167761017 1 0 0 0 0 2 0 1 0 0 0 0 0 0 0 2 0 2 0 0 1 2 0 1 0 0 0 2 0 0 0 0 0 1 1 0 0 1 2 2 2 1 0 1 1 0 1 0 0 0 1 0 1 0 0 1 2 0 0 0 1 0 0 0 1
4167773708 1 2 0 1 0 0 2 0 0 0 1 0 0 1 0 0 0 0 1 0 2 2 2 0 0 0 1 1 2 0 2 0 2 1 0 1 0 0 1 0 1 1 0 0 1 2 0 0 0 1 1 0 0 2 0 0 2 0 0 0 0 0 0 0 0
4167788020 1 2 0 0 0 2 0 0 0 0 0 0 2 0 0 2 1 2 0 0 1 2 1 0 2 2 0 2 0 0 1 0 1 0 2 0 0 0 1 0 0 0 2 0 1 0 0 1 2 0 1 0 0 0 0 0 2 0 0 0 0 2 0 0 2
4167831015 2 0 2 1 0 2 0 2 0 1 0 0 2 0 0 2 0 2 2 0 2 0 2 0 0 0 0 0 0 0 0 0 2 0 1 1 2 1 2 1 0 0 0 0 0 0 2 0 0 0 2 0 1 2 0 0 2 0 2 0 0 0 0 0 1
4255006210 0 0 1 0 0 0 2 0 0 1 0 0 0 0 0 0 0 0 0 0 0 0 0 0 0 0 0 0 0 0 0 0 0 0 0 0 0 0 0 0 0 0 0 0 0 0 0 0 0 0 0 0 0 0 1 1 0 0 0 0 0 0 0 0 0
4334744710 2 2 0 0 0 0 0 0 0 0 0 2 0 0 0 0 0 2 1 0 0 2 0 0 1 0 0 1 0 0 1 0 1 0 0 0 0 0 1 0 2 0 0 0 0 0 0 1 0 1 1 0 1 0 0 0 0 0 2 0 0 0 0 0 1
4334927769 2 2 1 0 2 0 2 2 0 2 2 2 2 0 2 2 2 2 0 0 2 2 0 0 0 0 0 2 0 0 2 0 2 2 2 0 0 2 0 0 2 0 0 1 1 0 1 1 0 1 0 0 1 0 2 0 0 1 2 2 0 0 1 1 2
4344017226 0 0 2 0 2 1 0 0 2 0 1 2 0 0 0 0 2 2 0 0 0 1 0 0 0 0 0 0 2 0 0 2 0 1 2 0 0 0 2 0 0 1 0 0 2 0 0 2 0 0 0 0 0 2 1 0 0 2 0 2 0 1 1 0 0
4344019628 1 2 2 0 0 0 0 0 0 1 0 0 0 0 0 0 0 0 0 0 0 0 0 0 0 0 1 0 2 0 0 0 0 0 1 0 0 0 0 0 0 0 0 0 0 0 1 0 0 0 0 0 0 0 0 0 0 0 0 0 0 0 0 0 0
4344022173 2 0 0 0 2 0 0 0 2 1 0 2 2 0 0 2 2 2 2 0 0 2 0 0 0 0 0 0 0 0 2 0 0 0 2 1 0 0 0 0 0 0 0 0 0 0 0 1 0 2 2 0 0 2 0 0 0 1 2 0 0 0 1 0 0
4344415132 2 2 0 0 2 2 2 1 2 2 0 2 1 1 2 2 0 0 2 2 2 2 0 1 0 0 0 2 2 0 0 0 0 0 0 2 2 2 0 1 0 1 1 0 2 1 0 2 2 1 2 0 2 2 2 0 2 2 0 0 2 1 0 0 2
4396332688 0 0 0 0 0 2 0 0 0 0 0 0 0 1 0 2 1 0 0 1 2 2 2 2 1 0 0 0 1 1 1 0 0 1 0 1 1 0 0 0 2 1 1 0 1 2 0 2 1 1 1 0 1 2 0 1 0 0 2 0 2 2 1 0 2
4422100513 0 2 1 0 0 0 0 0 0 1 0 0 2 0 0 0 0 0 0 0 0 0 1 0 0 0 0 0 2 0 0 1 0 0 0 0 0 0 0 0 0 0 0 0 2 0 1 0 0 0 0 0 0 0 2 0 0 0 0 2 2 0 0 0 2
4478012032 1 2 1 0 0 0 2 1 2 2 0 0 2 1 0 0 2 0 1 0 1 2 0 1 0 0 2 2 1 0 1 2 2 1 0 0 1 1 0 0 0 1 0 0 0 0 0 1 0 0 0 1 2 0 1 0 0 0 2 2 2 0 1 0 1
4478017034 0 0 0 0 0 0 0 1 0 0 0 0 0 0 0 0 0 0 0 0 0 0 1 0 0 0 0 0 0 0 0 0 0 0 0 0 0 0 0 0 0 0 0 0 0 0 0 0 0 0 0 0 0 0 2 1 0 0 0 0 0 1 0 0 0
4478020507 1 0 1 0 1 0 0 0 0 0 0 0 2 0 0 0 0 0 0 0 0 2 0 2 0 0 0 0 0 1 0 0 2 2 0 0 0 0 2 0 0 0 0 0 0 0 0 0 0 0 0 0 0 0 0 0 2 1 1 2 0 0 0 1 0
4478022216 1 0 1 0 0 0 0 0 0 1 0 0 0 0 0 0 0 0 1 0 0 0 0 0 0 0 0 0 2 1 0 0 0 0 0 0 0 0 0 0 0 0 0 0 0 0 1 0 0 0 0 0 0 0 2 0 0 0 0 0 0 0 0 0 0
4478023417 1 0 0 0 0 0 0 0 0 1 0 0 0 0 0 0 0 0 0 0 0 0 0 0 0 0 1 2 0 0 0 0 0 0 0 0 0 0 0 0 0 0 0 0 0 0 0 0 0 0 0 0 0 0 2 0 0 0 0 0 0 1 0 0 0
4478410232 0 1 1 0 0 0 0 0 2 1 0 0 0 0 0 0 0 0 1 0 0 0 0 0 0 0 1 0 1 0 0 0 0 0 0 0 0 0 0 0 0 0 0 0 0 0 0 0 0 0 0 0 0 0 1 0 0 0 0 0 2 0 0 1 0
4479793631 1 0 1 0 0 0 0 0 0 1 0 0 2 0 0 0 0 0 2 0 0 0 0 0 0 0 1 0 1 0 0 0 0 0 0 0 0 0 0 0 0 0 0 0 0 0 0 0 0 0 0 0 0 0 0 1 2 0 0 0 0 0 0 0 0
4480020470 1 0 0 0 0 0 0 0 2 0 0 0 0 0 0 0 0 2 1 0 0 0 1 0 0 0 0 2 2 1 0 0 0 1 0 0 1 1 0 0 0 0 0 0 0 0 0 0 0 0 0 2 1 0 2 1 2 0 0 2 0 0 1 1 0
4480062858 0 1 1 0 0 0 0 0 0 1 0 0 0 0 1 0 0 0 0 0 1 0 2 0 1 0 0 0 0 0 0 0 2 0 0 0 0 0 0 0 0 0 0 0 0 0 0 0 0 0 0 0 0 0 2 0 0 0 0 0 1 0 0 0 0
4480065911 1 0 0 0 0 0 2 0 0 1 0 0 0 0 0 0 0 0 0 0 1 0 1 0 0 0 1 0 0 0 0 0 0 0 0 0 0 0 0 0 0 0 0 0 0 0 0 0 0 0 0 0 0 0 1 0 0 0 0 0 0 0 0 0 0
4480863303 0 0 0 0 0 0 0 0 0 0 0 0 2 0 0 0 1 0 0 1 0 0 0 0 0 0 0 0 2 0 0 0 0 0 0 0 0 0 0 0 0 0 0 0 2 0 0 0 0 0 0 0 0 0 2 1 0 0 0 1 2 0 0 1 0
4484101017 1 0 2 0 0 0 0 0 0 2 0 0 1 0 0 0 0 0 0 0 0 0 0 0 0 0 0 0 0 0 0 0 0 2 0 0 0 1 0 0 0 0 0 0 0 0 0 0 0 0 0 1 0 0 2 0 2 0 0 0 2 0 0 0 0
4488464017 0 0 0 1 0 2 2 0 0 1 1 2 0 0 0 2 2 0 0 2 1 2 2 2 0 2 0 1 2 0 1 1 0 1 0 2 1 1 2 2 2 1 1 0 2 2 0 2 1 1 2 0 0 2 1 1 0 0 1 2 2 2 1 0 0
448866301X 1 0 1 0 0 0 2 0 0 1 0 0 0 0 0 0 0 0 0 0 0 0 0 0 1 0 2 2 0 0 0 0 0 0 0 2 0 1 0 0 0 0 2 0 0 0 0 0 0 0 0 0 0 0 0 0 2 0 0 0 0 0 0 0 0
4492532706 0 0 0 0 0 0 0 0 0 1 0 0 2 0 0 0 0 0 0 0 2 0 0 0 0 0 1 0 0 0 0 0 2 0 0 0 0 0 0 0 0 0 0 0 0 0 0 0 0 1 0 0 0 0 1 0 2 0 0 0 0 0 0 0 0
4569690815 1 0 1 0 0 0 0 1 0 2 0 0 0 0 0 0 0 0 1 0 0 0 0 0 0 0 0 0 1 0 0 1 2 0 0 0 0 1 0 0 0 0 0 0 0 0 0 0 0 0 0 1 2 0 0 0 0 0 0 0 0 0 0 0 0
4569797601 2 0 0 0 0 0 0 0 0 2 0 0 0 0 0 0 0 0 0 0 0 0 0 0 0 0 0 0 2 0 0 0 0 0 0 0 0 0 0 0 0 0 0 0 0 0 0 0 0 0 0 0 0 0 2 1 0 0 1 0 0 0 0 0 0
4575236284 0 0 2 0 2 0 0 0 0 0 1 2 0 0 1 2 0 2 2 2 1 2 0 0 1 0 2 0 2 0 1 2 2 0 0 0 0 0 0 0 0 0 0 0 0 0 0 2 0 1 0 1 0 0 1 0 0 0 0 0 0 0 0 0 1
457551344X 1 2 0 2 0 0 0 2 0 0 0 0 0 0 0 0 0 0 0 2 0 0 0 1 0 2 0 1 0 0 0 0 0 0 0 0 0 0 2 2 2 0 1 0 2 2 0 0 0 1 1 0 2 0 1 0 2 0 0 2 0 0 0 1 0
4591124762 0 0 1 0 0 0 0 0 0 0 0 0 0 0 0 0 0 0 0 0 0 0 0 0 0 0 0 0 0 0 0 0 0 0 0 0 0 0 0 0 0 0 0 0 0 0 0 0 0 0 0 0 0 0 1 0 0 0 0 0 0 0 0 0 0
4592145119 2 0 0 2 0 0 0 2 0 1 0 0 1 0 1 0 0 0 2 0 0 0 0 0 1 1 1 0 0 1 0 1 0 0 2 0 1 1 0 0 0 0 0 0 1 2 2 0 1 0 0 0 0 0 0 0 0 2 1 2 0 0 1 0 0
4592145127 2 0 0 2 0 0 0 2 0 0 0 0 0 0 1 0 0 0 2 0 0 0 0 0 1 0 2 0 0 0 0 1 0 0 2 0 0 1 0 0 0 0 0 1 1 2 2 0 0 0 0 0 0 0 0 0 0 2 1 2 0 0 1 0 0
4592145135 2 0 0 2 0 0 0 2 0 0 0 0 0 0 1 0 0 0 2 0 0 0 0 0 1 0 2 0 0 1 0 2 0 0 2 0 0 1 0 0 0 0 0 1 2 2 2 0 0 0 0 0 0 0 0 0 0 2 2 2 0 0 1 0 0
4592145143 2 0 0 2 0 0 0 1 0 0 0 0 0 0 1 0 0 0 2 0 0 0 0 0 1 0 2 0 0 1 0 2 0 0 2 0 0 1 0 0 0 0 0 1 2 2 2 0 0 0 0 0 0 0 0 0 0 2 2 2 0 0 1 0 0
4592145151 2 0 0 2 0 0 0 2 0 0 0 0 0 0 2 0 0 0 1 0 0 0 0 0 2 0 2 0 0 2 0 2 0 0 2 0 0 1 0 0 0 0 0 2 2 2 2 0 0 0 0 1 0 0 0 0 0 2 2 2 0 0 1 0 0
459214516X 2 0 0 2 0 0 0 2 0 0 0 0 0 0 2 0 0 0 2 0 0 0 0 0 2 0 1 0 0 2 0 2 0 0 2 0 0 1 0 0 0 0 0 0 2 2 2 0 0 0 0 1 0 0 0 0 0 2 2 2 0 0 1 0 0
4592145178 2 0 0 2 0 0 0 2 0 0 0 0 0 0 2 0 0 0 2 0 0 0 2 0 2 2 2 0 0 1 0 2 0 0 2 0 0 1 0 0 0 0 0 2 2 1 2 0 0 0 0 1 0 0 0 0 0 2 2 2 0 0 1 0 0
4592145186 2 0 0 2 0 0 0 2 0 0 0 0 0 0 2 0 0 0 0 0 0 0 0 0 0 2 1 0 0 0 0 2 0 0 2 0 0 0 0 0 0 0 1 1 0 0 2 0 0 0 2 1 0 0 0 0 0 2 2 2 0 0 0 0 0
4622039702 0 0 2 0 0 0 0 0 0 1 0 0 0 0 0 0 0 0 0 0 0 0 0 0 0 0 0 0 0 0 0 0 0 0 0 0 0 0 0 0 0 0 0 0 0 0 0 0 0 0 0 0 0 0 0 1 2 0 0 0 0 0 0 0 2
4763131206 2 0 1 0 0 0 0 0 0 1 0 0 0 0 0 0 0 0 2 0 0 0 2 0 0 0 0 2 0 0 0 0 0 0 0 0 0 0 0 0 0 0 0 0 0 0 2 0 0 0 0 0 0 0 0 0 0 0 0 0 0 1 0 0 0
4794218788 1 0 1 0 0 0 0 0 0 1 0 0 2 0 0 0 0 2 0 0 0 0 0 0 0 0 0 2 1 1 0 0 0 0 0 0 0 0 0 0 1 0 0 0 0 0 0 0 0 0 0 0 0 0 0 0 0 0 0 2 0 0 0 0 0
4796661611 2 0 2 1 0 0 0 0 0 0 0 0 0 0 1 2 2 0 0 2 0 2 0 1 0 1 0 2 0 0 0 0 0 2 0 0 0 0 2 0 0 1 0 0 0 1 1 0 2 0 2 0 0 0 0 1 0 0 0 0 2 0 0 0 2
4796661638 2 0 0 2 0 0 0 0 0 0 0 0 0 0 1 2 2 0 0 2 0 2 0 0 0 0 0 0 0 0 0 0 0 0 0 0 0 0 2 0 0 1 0 0 0 1 1 0 0 0 1 0 0 0 0 1 0 0 0 0 2 0 0 0 2
482224816X 2 0 1 0 0 0 0 0 2 2 0 0 2 0 0 0 0 0 0 0 0 0 0 0 0 0 1 0 0 0 0 0 0 0 0 0 0 0 0 0 0 0 0 0 0 0 0 0 0 0 0 0 0 0 0 0 0 0 0 0 0 0 0 0 0
4822248372 1 1 1 0 0 0 0 0 0 0 0 0 0 0 0 0 0 0 0 0 0 0 0 0 0 0 1 0 0 0 0 0 0 0 0 0 0 0 0 0 0 0 0 0 0 0 0 0 0 0 0 0 0 0 1 0 2 0 0 0 0 0 0 0 0
4833420163 2 0 0 0 0 0 0 0 0 1 0 0 1 0 0 0 0 0 0 0 1 0 1 0 0 0 1 0 0 0 0 0 0 0 0 0 0 0 0 0 1 0 0 0 0 0 0 0 0 1 0 0 0 0 2 0 0 0 0 0 0 1 0 0 0
4840233616 0 0 1 0 0 0 0 0 2 1 1 0 0 0 0 0 1 2 2 1 2 0 0 1 0 0 0 0 2 0 1 1 0 2 0 0 0 0 2 0 1 1 0 0 2 0 0 1 0 1 0 1 0 0 0 0 0 2 0 0 0 0 0 0 0
4862760856 1 0 1 0 0 0 0 0 0 0 0 0 0 0 0 0 0 0 0 0 0 0 0 0 0 0 1 0 0 0 0 0 0 0 0 0 0 0 0 0 1 0 0 0 0 0 0 0 0 0 0 0 0 0 2 0 0 0 0 0 0 0 0 0 0
4870318059 0 2 0 0 2 0 0 0 2 2 0 0 0 0 0 2 0 0 0 1 1 0 1 0 0 0 0 0 0 1 1 0 0 0 0 0 0 0 0 0 0 0 0 0 0 0 2 0 0 0 0 0 0 0 1 0 0 0 0 0 2 2 0 1 1
